1572277523 2
1572282705 2074
1572465925 2131
1572500111 2137
1572503168 2142
1572732626 15679
1572820459 15732
1572884305 40732
1572905515 42405
1572943883 42407
1573015051 42424
1573221615 43446
1573222334 43446
1573349140 44204
1574098906 44589
1574101761 44602
1574569295 44609
1574644203 44630
1574644305 44839
1574645489 44842
1575013222 44855
1575035284 44913
1575051570 44941
1575122091 44984
1575125103 45006
1575141700 45021
1575144633 45143
1575437283 45147
1575942459 45207
1576090082 45216
1576100767 45226
1576103146 45302
1576249076 45340
1576316519 45364
1576326438 45378
1576334454 45472
1576335518 45473
1576346077 45474
1576439470 59569
1576441333 59621
1576446858 63023
1576449050 63169
1576449587 63170
1576450485 63170
1576486466 63174
1576507693 63178
1576838770 63180
1576846427 63202
1576848099 63201
1576850361 75708
1576850997 75708
1576851752 75720
1576851864 75720
1576854107 75783
1576873576 75851
1576961428 75859
1577640042 76154
1577640492 76154
1577641220 76165
1577644154 76174
1577644765 76175
1577648865 76175
1577649008 76176
1577649632 76177
1577652452 76177
1577653906 76177
1577654261 76177
1577654387 76177
1577656414 76178
1578516676 76481
1578517555 76485
1578549084 76485
1579500061 76485
1579525898 76485
1579653651 76523
1579662301 76607
1579662807 76607
1579667411 76736
1579671992 76736
1579759938 76754
1579838093 76820
1579839581 76830
1579842452 76830
1579848690 76855
1579849241 76855
1579932944 76870
1580079187 76943
1580079573 76943
1580281612 76945
1580281618 76945
1580282965 76946
1580681590 76985
1580907321 76998
1581036649 77002
1581261145 77002
1581276199 77264
1581278790 77286
1581287386 77348
1581881251 77490
1582298754 77490
1582317916 77687
1582404499 77970
1582486285 78807
1582528547 78803
1582530075 78807
1582577229 78885
1582749910 78944
1583014192 82584
1583014598 79108
1583115864 82269
1583117924 100933
1583291516 100939
1583308247 100940
1583695665 100970
1583697270 100984
1583708186 107651
1584215228 107659
1584487420 107713
1584759612 107741
1584762137 107773
1584804399 107818
1586251399 107831
1586960605 104452
1587317674 104512
1587607301 110751
1588338402 110753
1588696367 110815
1588696380 110819
1588787835 110815
1588796135 110863
1588945578 110881
1588945921 110881
1589052196 111357
1589306890 110095
1589393770 110099
1589415247 110095
1589427498 110115
1589428556 110112
1589662026 110141
1589684293 110226
1590000943 110232
1590348638 110232
1590484861 110243
